Create Contour
[[-173241.91999999998, (99, 102), 0], [-172860.32000000001, (100, 102), 100], [-179353.91999999998, (98, 103), 0], [-175344.80000000002, (100, 103), 100], [-183006.39999999999, (98, 104), 100], [-181612.16000000003, (99, 104), 100], [-181211.36000000002, (100, 104), 100], [-177958.39999999997, (98, 102), 0]]
[[-177958.39999999997, (98, 102), 1], [-173241.91999999998, (99, 102), 1], [-185549.60000000001, (97, 103), 0], [-175836.16, (99, 103), 10], [-185984.48000000001, (97, 104), 100], [-183006.39999999999, (98, 104), 1], [-181612.16000000003, (99, 104), 1], [-186212.95999999999, (97, 102), 0]]
[[-188326.24000000002, (97, 101), 0], [-179063.68000000002, (98, 101), 0], [-192596.64000000001, (96, 102), 0], [-177958.39999999997, (98, 102), 2], [-190051.84000000003, (96, 103), 0], [-185549.60000000001, (97, 103), 1], [-179353.91999999998, (98, 103), 1], [-195509.28, (96, 101), 0]]
[[-197443.19999999998, (96, 100), 0], [-191201.92000000001, (97, 100), 0], [-193607.03999999998, (95, 101), 100], [-188326.24000000002, (97, 101), 1], [-190898.23999999999, (95, 102), 100], [-192596.64000000001, (96, 102), 1], [-186212.95999999999, (97, 102), 1], [-193864.0, (95, 100), 100]]
[[-199398.24000000002, (96, 99), 100], [-195874.23999999999, (97, 99), 100], [-193864.0, (95, 100), 1], [-191201.92000000001, (97, 100), 1], [-193607.03999999998, (95, 101), 1], [-195509.28, (96, 101), 1], [-188326.24000000002, (97, 101), 2], [-193075.04000000001, (95, 99), 100]]
[[-197443.19999999998, (96, 100), 10], [-191201.92000000001, (97, 100), 1], [-193607.03999999998, (95, 101), 1], [-188326.24000000002, (97, 101), 2], [-190898.23999999999, (95, 102), 100], [-192596.64000000001, (96, 102), 1], [-186212.95999999999, (97, 102), 1], [-193864.0, (95, 100), 1]]
[[-193075.04000000001, (95, 99), 1], [-199398.24000000002, (96, 99), 1], [-182427.68000000002, (94, 100), 100], [-197443.19999999998, (96, 100), 1], [-183104.32000000001, (94, 101), 100], [-193607.03999999998, (95, 101), 2], [-195509.28, (96, 101), 2], [-180410.39999999999, (94, 99), 100]]
[[-198917.44, (96, 98), 100], [-199440.32000000001, (97, 98), 100], [-193075.04000000001, (95, 99), 2], [-195874.23999999999, (97, 99), 1], [-193864.0, (95, 100), 2], [-197443.19999999998, (96, 100), 2], [-191201.92000000001, (97, 100), 2], [-189674.72, (95, 98), 100]]
[[-199440.32000000001, (97, 98), 1], [-193822.39999999999, (98, 98), 100], [-199398.24000000002, (96, 99), 2], [-187762.08000000002, (98, 99), 100], [-197443.19999999998, (96, 100), 3], [-191201.92000000001, (97, 100), 3], [-181765.44, (98, 100), 0], [-198917.44, (96, 98), 1]]
[X] [ ] [X] [X] 
[X] [ ] [ ] [ ] 
[ ] [X] [ ] [ ] 
[X] [X] [X] [X] 
 ---------------- 
[[-190777.60000000001, (100, 98), 0], [-196004.0, (101, 98), 0], [-183008.47999999998, (99, 99), 2], [-188653.75999999998, (101, 99), 0], [-176588.95999999999, (99, 100), 1], [-176926.72, (100, 100), 1], [-181861.91999999998, (101, 100), 100], [-189869.12, (99, 98), 100]]
[[-200236.63999999998, (101, 97), 0], [-205971.04000000001, (102, 97), 0], [-190777.60000000001, (100, 98), 1], [-200219.36000000002, (102, 98), 0], [-183521.76000000001, (100, 99), 1], [-188653.75999999998, (101, 99), 1], [-191983.20000000001, (102, 99), 0], [-194126.23999999999, (100, 97), 0]]
[ ] [ ] [ ] [X] 
[ ] [ ] [X] [ ] 
[ ] [X] [ ] [ ] 
[X] [ ] [ ] [ ] 
 ---------------- 
[[-212096.31999999998, (104, 94), 0], [-206180.48000000004, (105, 94), 0], [-211020.79999999999, (103, 95), 1], [-199886.56, (105, 95), 0], [-210361.60000000001, (103, 96), 1], [-204941.43999999997, (104, 96), 1], [-192444.16, (105, 96), 100], [-208294.08000000002, (103, 94), 100]]
[[-210341.28, (104, 93), 0], [-209900.63999999998, (105, 93), 0], [-208294.08000000002, (103, 94), 1], [-206180.48000000004, (105, 94), 1], [-211020.79999999999, (103, 95), 2], [-210062.23999999999, (104, 95), 1], [-199886.56, (105, 95), 1], [-202768.16, (103, 93), 100]]
[ ] [X] [ ] [ ] 
[X] [ ] [ ] [ ] 
[X] [ ] [ ] [ ] 
[X] [ ] [ ] [ ] 
 ---------------- 
[[-207985.59999999998, (106, 90), 0], [-204906.39999999999, (107, 90), 0], [-208349.76000000001, (105, 91), 1], [-200792.79999999996, (107, 91), 10], [-211133.76000000001, (105, 92), 1], [-205752.80000000002, (106, 92), 1], [-193527.51999999999, (107, 92), 100], [-202202.07999999999, (105, 90), 0]]
[[-204302.39999999999, (106, 89), 0], [-206899.19999999998, (107, 89), 0], [-202202.07999999999, (105, 90), 1], [-204906.39999999999, (107, 90), 1], [-208349.76000000001, (105, 91), 2], [-209164.16, (106, 91), 1], [-200792.79999999996, (107, 91), 1], [-195301.12, (105, 89), 0]]
[ ] [ ] [ ] [X] 
[ ] [ ] [ ] [X] 
[ ] [ ] [X] [ ] 
[ ] [ ] [X] [ ] 
 ---------------- 
[[-205871.83999999997, (108, 86), 0], [-207135.19999999998, (109, 86), 0], [-203572.32000000001, (107, 87), 1], [-203201.12, (109, 87), 0], [-206792.0, (107, 88), 1], [-206047.52000000002, (108, 88), 2], [-196747.67999999999, (109, 88), 100], [-197964.0, (107, 86), 100]]
[[-208248.48000000001, (109, 85), 0], [-205118.56, (110, 85), 0], [-205871.83999999997, (108, 86), 1], [-199075.36000000002, (110, 86), 0], [-207845.92000000001, (108, 87), 1], [-203201.12, (109, 87), 1], [-191252.96000000002, (110, 87), 0], [-202823.19999999998, (108, 85), 0]]
[ ] [ ] [X] [ ] 
[ ] [X] [ ] [ ] 
[ ] [X] [ ] [ ] 
[X] [ ] [ ] [ ] 
 ---------------- 
[[-207258.07999999999, (110, 82), 0], [-209108.0, (111, 82), 0], [-203699.83999999997, (109, 83), 1], [-206275.04000000001, (111, 83), 1], [-207589.76000000001, (109, 84), 2], [-209177.60000000001, (110, 84), 1], [-200955.20000000001, (111, 84), 1], [-197791.52000000002, (109, 82), 0]]
[[-208300.64000000001, (111, 81), 0], [-206438.23999999999, (112, 81), 100], [-207258.07999999999, (110, 82), 1], [-202094.08000000002, (112, 82), 100], [-209689.60000000001, (110, 83), 1], [-206275.04000000001, (111, 83), 2], [-195227.84, (112, 83), 10], [-202153.44, (110, 81), 0]]
[ ] [ ] [ ] [X] 
[ ] [ ] [ ] [X] 
[ ] [ ] [ ] [X] 
[ ] [ ] [X] [ ] 
 ---------------- 
[[-204055.03999999998, (112, 78), 0], [-208914.39999999999, (113, 78), 0], [-200002.87999999998, (111, 79), 1], [-207412.32000000001, (113, 79), 0], [-204844.95999999999, (111, 80), 1], [-208446.07999999999, (112, 80), 2], [-202662.56, (113, 80), 100], [-193556.95999999999, (111, 78), 100]]
[[-206355.36000000002, (113, 77), 0], [-207421.44, (114, 77), 0], [-204055.03999999998, (112, 78), 1], [-204224.95999999999, (114, 78), 0], [-207698.23999999999, (112, 79), 1], [-207412.32000000001, (113, 79), 1], [-197593.12, (114, 79), 0], [-197591.51999999999, (112, 77), 0]]
[ ] [ ] [ ] [X] 
[ ] [ ] [X] [ ] 
[ ] [X] [ ] [ ] 
[X] [ ] [ ] [ ] 
 ---------------- 
[[-210534.39999999997, (116, 74), 0], [-203439.52000000002, (117, 74), 0], [-208908.95999999999, (115, 75), 1], [-194153.12, (117, 75), 0], [-206172.16, (115, 76), 1], [-197707.67999999999, (116, 76), 1], [-184018.24000000002, (117, 76), 100], [-208002.23999999999, (115, 74), 100]]
[[-210515.35999999999, (116, 73), 0], [-209915.19999999998, (117, 73), 0], [-208002.23999999999, (115, 74), 1], [-203439.52000000002, (117, 74), 1], [-208908.95999999999, (115, 75), 2], [-205633.44, (116, 75), 1], [-194153.12, (117, 75), 1], [-203446.40000000002, (115, 73), 100]]
[ ] [X] [ ] [ ] 
[X] [ ] [ ] [ ] 
[X] [ ] [ ] [ ] 
[X] [ ] [ ] [ ] 
 ---------------- 
[[-211443.35999999999, (118, 70), 0], [-211589.91999999998, (119, 70), 0], [-210304.64000000001, (117, 71), 1], [-207134.56, (119, 71), 10], [-212390.88, (117, 72), 1], [-208971.51999999999, (118, 72), 1], [-199232.79999999999, (119, 72), 100], [-204913.76000000001, (117, 70), 0]]
[[-211935.20000000001, (119, 69), 0], [-212704.95999999999, (120, 69), 100], [-211443.35999999999, (118, 70), 1], [-206436.64000000001, (120, 70), 100], [-212546.72, (118, 71), 1], [-207134.56, (119, 71), 1], [-196975.03999999998, (120, 71), 10], [-207148.64000000001, (118, 69), 0]]
[ ] [ ] [ ] [X] 
[ ] [ ] [ ] [X] 
[ ] [ ] [ ] [X] 
[ ] [ ] [X] [ ] 
 ---------------- 
[[-201740.16, (120, 66), 0], [-209828.31999999998, (121, 66), 0], [-199545.12, (119, 67), 1], [-212959.04000000001, (121, 67), 0], [-206893.60000000001, (119, 68), 1], [-212604.95999999999, (120, 68), 2], [-212357.76000000001, (121, 68), 100], [-193062.56, (119, 66), 100]]
[[-209828.31999999998, (121, 66), 1], [-213115.68000000002, (122, 66), 0], [-207912.47999999998, (120, 67), 1], [-211005.12, (122, 67), 0], [-212604.95999999999, (120, 68), 3], [-212357.76000000001, (121, 68), 1], [-204463.03999999998, (122, 68), 100], [-201740.16, (120, 66), 1]]
[[-209598.72, (122, 65), 0], [-212447.35999999999, (123, 65), 0], [-209828.31999999998, (121, 66), 2], [-211191.52000000002, (123, 66), 0], [-212959.04000000001, (121, 67), 1], [-211005.12, (122, 67), 1], [-204012.16, (123, 67), 0], [-203199.84, (121, 65), 0]]
[ ] [ ] [ ] [X] 
[ ] [ ] [ ] [X] 
[ ] [ ] [X] [ ] 
[X] [X] [ ] [ ] 
 ---------------- 
[[-202574.24000000002, (124, 62), 0], [-207580.16, (125, 62), 0], [-203096.48000000001, (123, 63), 1], [-212632.0, (125, 63), 0], [-209038.72000000003, (123, 64), 1], [-212831.03999999998, (124, 64), 2], [-211242.39999999997, (125, 64), 100], [-195630.56000000003, (123, 62), 100]]
[[-207580.16, (125, 62), 1], [-210618.23999999999, (126, 62), 0], [-209733.44, (124, 63), 1], [-211645.75999999998, (126, 63), 0], [-212831.03999999998, (124, 64), 3], [-211242.39999999997, (125, 64), 1], [-204913.12, (126, 64), 100], [-202574.24000000002, (124, 62), 1]]
[ ] [ ] [ ] [ ] 
[ ] [ ] [ ] [ ] 
[ ] [ ] [ ] [X] 
[X] [X] [X] [ ] 
 ---------------- 
[[-206752.32000000001, (128, 60), 10], [-208514.88, (129, 60), 0], [-208980.15999999997, (127, 61), 1], [-207853.12000000002, (129, 61), 0], [-211281.12, (127, 62), 1], [-207999.51999999999, (128, 62), 1], [-200566.56, (129, 62), 0], [-202570.88, (127, 60), 100]]
[[-203196.32000000001, (129, 59), 100], [-206529.44, (130, 59), 100], [-206752.32000000001, (128, 60), 1], [-208213.92000000001, (130, 60), 0], [-210493.92000000001, (128, 61), 1], [-207853.12000000002, (129, 61), 1], [-202827.20000000001, (130, 61), 0], [-198855.51999999999, (128, 59), 10]]
[ ] [X] [X] [X] 
[X] [ ] [ ] [ ] 
[ ] [ ] [ ] [ ] 
[ ] [ ] [ ] [ ] 
 ---------------- 
[[-205668.48000000001, (132, 58), 0], [-206312.80000000002, (133, 58), 0], [-207651.20000000001, (131, 59), 2], [-201839.67999999999, (133, 59), 0], [-204991.51999999999, (131, 60), 1], [-198443.68000000002, (132, 60), 1], [-190645.91999999998, (133, 60), 100], [-203151.20000000001, (131, 58), 100]]
[[-204204.00000000003, (133, 57), 0], [-206687.04000000001, (134, 57), 0], [-205668.48000000001, (132, 58), 1], [-204452.80000000002, (134, 58), 0], [-206110.72, (132, 59), 1], [-201839.67999999999, (133, 59), 1], [-195522.55999999997, (134, 59), 0], [-200432.95999999999, (132, 57), 0]]
[ ] [ ] [ ] [X] 
[ ] [ ] [X] [ ] 
[ ] [X] [ ] [ ] 
[X] [ ] [ ] [ ] 
 ---------------- 
[[-193825.76000000001, (136, 54), 0], [-199092.0, (137, 54), 0], [-197736.95999999999, (135, 55), 1], [-206828.79999999999, (137, 55), 0], [-205867.04000000001, (135, 56), 1], [-208143.04000000001, (136, 56), 1], [-208046.56, (137, 56), 100], [-189282.23999999999, (135, 54), 100]]
[[-199092.0, (137, 54), 1], [-204013.92000000001, (138, 54), 0], [-202722.56, (136, 55), 1], [-209276.79999999999, (138, 55), 0], [-208143.04000000001, (136, 56), 2], [-208046.56, (137, 56), 1], [-205608.16, (138, 56), 100], [-193825.76000000001, (136, 54), 1]]
[ ] [ ] [ ] [ ] 
[ ] [ ] [ ] [ ] 
[ ] [ ] [ ] [ ] 
[X] [X] [X] [X] 
 ---------------- 
[[-203530.71999999997, (140, 53), 10], [-207582.56, (141, 53), 0], [-207381.60000000001, (139, 54), 2], [-210193.44, (141, 54), 0], [-209010.07999999999, (139, 55), 1], [-206965.12, (140, 55), 1], [-202306.72, (141, 55), 0], [-198821.28, (139, 53), 100]]
[[-207582.56, (141, 53), 1], [-209301.28, (142, 53), 0], [-210137.43999999997, (140, 54), 1], [-206914.56, (142, 54), 0], [-206965.12, (140, 55), 2], [-202306.72, (141, 55), 1], [-195518.08000000002, (142, 55), 0], [-203530.71999999997, (140, 53), 1]]
[ ] [ ] [ ] [ ] 
[ ] [ ] [X] [X] 
[X] [X] [ ] [ ] 
[ ] [ ] [ ] [ ] 
 ---------------- 
[[-200351.35999999999, (144, 51), 10], [-204441.44, (145, 51), 100], [-206261.11999999997, (143, 52), 2], [-209699.03999999998, (145, 52), 0], [-209631.84, (143, 53), 1], [-208559.04000000004, (144, 53), 1], [-204660.16, (145, 53), 0], [-196241.12, (143, 51), 100]]
[[-204441.44, (145, 51), 1], [-206896.47999999998, (146, 51), 100], [-208797.44, (144, 52), 1], [-208557.76000000001, (146, 52), 0], [-208559.04000000004, (144, 53), 2], [-204660.16, (145, 53), 1], [-199510.07999999999, (146, 53), 0], [-200351.35999999999, (144, 51), 1]]
[X] [X] [X] [X] 
[ ] [ ] [ ] [ ] 
[ ] [ ] [ ] [ ] 
[ ] [ ] [ ] [ ] 
 ---------------- 
[[-202533.92000000001, (148, 50), 0], [-205414.88, (149, 50), 0], [-208376.47999999998, (147, 51), 2], [-208703.19999999998, (149, 51), 0], [-206641.59999999998, (147, 52), 1], [-203385.28, (148, 52), 1], [-199621.44, (149, 52), 100], [-199648.63999999998, (147, 50), 100]]
[[-205414.88, (149, 50), 1], [-206947.51999999999, (150, 50), 0], [-208787.99999999997, (148, 51), 1], [-207208.0, (150, 51), 0], [-203385.28, (148, 52), 2], [-199621.44, (149, 52), 1], [-195557.12, (150, 52), 100], [-202533.92000000001, (148, 50), 1]]
[ ] [ ] [ ] [ ] 
[ ] [ ] [ ] [ ] 
[ ] [ ] [ ] [X] 
[X] [X] [X] [ ] 
 ---------------- 
[[-199263.68000000002, (152, 49), 1], [-200190.23999999999, (153, 49), 0], [-206356.80000000002, (151, 50), 1], [-204363.03999999998, (153, 50), 0], [-204072.95999999999, (151, 51), 2], [-200612.63999999998, (152, 51), 1], [-197192.47999999998, (153, 51), 0], [-198819.35999999999, (151, 49), 1]]
[[-200190.23999999999, (153, 49), 1], [-199878.88, (154, 49), 0], [-205277.59999999998, (152, 50), 1], [-201977.76000000001, (154, 50), 0], [-200612.63999999998, (152, 51), 2], [-197192.47999999998, (153, 51), 1], [-193077.92000000001, (154, 51), 0], [-199263.68000000002, (152, 49), 2]]
[ ] [ ] [ ] [ ] 
[ ] [ ] [ ] [ ] 
[X] [X] [X] [X] 
[ ] [ ] [ ] [ ] 
 ---------------- 
[[-191001.60000000001, (156, 48), 10], [-191303.84, (157, 48), 0], [-198770.23999999996, (155, 49), 2], [-199949.92000000001, (157, 49), 0], [-199448.16, (155, 50), 1], [-199183.67999999999, (156, 50), 1], [-199403.04000000001, (157, 50), 0], [-189770.56, (155, 48), 100]]
[[-191303.84, (157, 48), 1], [-191238.07999999996, (158, 48), 0], [-199470.07999999999, (156, 49), 1], [-199994.87999999998, (158, 49), 0], [-199183.67999999999, (156, 50), 2], [-199403.04000000001, (157, 50), 1], [-199196.79999999999, (158, 50), 0], [-191001.60000000001, (156, 48), 1]]
[ ] [ ] [ ] [ ] 
[X] [X] [X] [X] 
[ ] [ ] [ ] [ ] 
[ ] [ ] [ ] [ ] 
 ---------------- 
[[-192584.96000000002, (160, 48), 1], [-191680.16, (161, 48), 0], [-201484.16, (159, 49), 1], [-201972.00000000003, (161, 49), 0], [-200738.88, (159, 50), 2], [-201881.92000000001, (160, 50), 1], [-202222.39999999997, (161, 50), 0], [-192371.35999999999, (159, 48), 2]]
[[-201972.00000000003, (161, 49), 1], [-202051.67999999999, (162, 49), 0], [-201881.92000000001, (160, 50), 2], [-202347.84, (162, 50), 0], [-189423.04000000001, (160, 51), 10], [-190534.24000000002, (161, 51), 0], [-191048.80000000002, (162, 51), 0], [-202207.84, (160, 49), 1]]
[ ] [ ] [ ] [ ] 
[X] [ ] [ ] [ ] 
[ ] [X] [X] [X] 
[ ] [ ] [ ] [ ] 
 ---------------- 
[[-200084.95999999999, (164, 49), 1], [-198862.23999999999, (165, 49), 0], [-202548.64000000001, (163, 50), 1], [-201693.92000000001, (165, 50), 0], [-191771.52000000002, (163, 51), 2], [-192167.35999999999, (164, 51), 1], [-192832.95999999999, (165, 51), 0], [-201787.35999999999, (163, 49), 2]]
[[-198862.23999999999, (165, 49), 1], [-198491.36000000002, (166, 49), 0], [-201848.63999999998, (164, 50), 1], [-202091.51999999999, (166, 50), 0], [-192167.35999999999, (164, 51), 2], [-192832.95999999999, (165, 51), 1], [-193675.51999999999, (166, 51), 0], [-200084.95999999999, (164, 49), 2]]
[ ] [ ] [ ] [ ] 
[ ] [ ] [ ] [ ] 
[X] [X] [X] [X] 
[ ] [ ] [ ] [ ] 
 ---------------- 
[[-199224.64000000001, (168, 49), 1], [-199359.84, (169, 49), 0], [-203637.59999999998, (167, 50), 1], [-206714.39999999999, (169, 50), 0], [-195810.07999999999, (167, 51), 2], [-198776.0, (168, 51), 1], [-201511.51999999999, (169, 51), 0], [-198939.67999999999, (167, 49), 2]]
[[-199359.84, (169, 49), 1], [-199622.88, (170, 49), 0], [-205349.91999999998, (168, 50), 1], [-208325.76000000001, (170, 50), 0], [-198776.0, (168, 51), 2], [-201511.51999999999, (169, 51), 1], [-204542.07999999999, (170, 51), 0], [-199224.64000000001, (168, 49), 2]]
[ ] [ ] [ ] [ ] 
[ ] [ ] [ ] [ ] 
[X] [X] [X] [X] 
[ ] [ ] [ ] [ ] 
 ---------------- 
[[-210476.32000000001, (172, 50), 1], [-211163.19999999998, (173, 50), 0], [-208060.32000000001, (171, 51), 2], [-212772.80000000002, (173, 51), 0], [-194086.71999999997, (171, 52), 100], [-197204.15999999997, (172, 52), 10], [-200509.11999999997, (173, 52), 100], [-209804.31999999998, (171, 50), 1]]
[[-211163.19999999998, (173, 50), 1], [-212052.16000000003, (174, 50), 0], [-210624.48000000001, (172, 51), 1], [-215165.60000000003, (174, 51), 0], [-197204.15999999997, (172, 52), 1], [-200509.11999999997, (173, 52), 1], [-204713.76000000001, (174, 52), 100], [-210476.32000000001, (172, 50), 2]]
[ ] [ ] [ ] [ ] 
[ ] [ ] [ ] [ ] 
[ ] [ ] [ ] [ ] 
[X] [X] [X] [X] 
 ---------------- 
[[-211824.79999999999, (176, 50), 1], [-209744.64000000001, (177, 50), 0], [-217146.39999999997, (175, 51), 1], [-219088.79999999999, (177, 51), 0], [-208921.12, (175, 52), 2], [-212878.08000000002, (176, 52), 1], [-216413.60000000001, (177, 52), 100], [-212312.00000000003, (175, 50), 2]]
[[-209744.64000000001, (177, 50), 1], [-206308.31999999998, (178, 50), 0], [-218619.52000000002, (176, 51), 1], [-218225.91999999998, (178, 51), 0], [-212878.08000000002, (176, 52), 2], [-216413.60000000001, (177, 52), 1], [-219316.0, (178, 52), 100], [-211824.79999999999, (176, 50), 2]]
[ ] [ ] [ ] [ ] 
[ ] [ ] [ ] [ ] 
[ ] [ ] [ ] [ ] 
[X] [X] [X] [X] 
 ---------------- 
[[-210479.84000000003, (180, 51), 1], [-205650.23999999999, (181, 51), 100], [-220443.36000000002, (179, 52), 2], [-218670.39999999999, (181, 52), 0], [-210660.48000000001, (179, 53), 100], [-214078.08000000002, (180, 53), 0], [-217158.56, (181, 53), 0], [-215285.60000000001, (179, 51), 1]]
[[-205650.23999999999, (181, 51), 1], [-201041.60000000001, (182, 51), 100], [-219733.28, (180, 52), 1], [-216826.24000000002, (182, 52), 0], [-214078.08000000002, (180, 53), 1], [-217158.56, (181, 53), 1], [-219295.67999999999, (182, 53), 0], [-210479.84000000003, (180, 51), 2]]
[X] [X] [ ] [ ] 
[ ] [ ] [X] [X] 
[ ] [ ] [ ] [ ] 
[ ] [ ] [ ] [ ] 
 ---------------- 
[[-211601.60000000001, (184, 52), 1], [-208960.96000000002, (185, 52), 0], [-219979.04000000001, (183, 53), 1], [-219417.44, (185, 53), 0], [-212585.12, (183, 54), 2], [-216089.92000000001, (184, 54), 1], [-219631.52000000002, (185, 54), 0], [-214284.48000000001, (183, 52), 2]]
[[-219417.44, (185, 53), 1], [-216952.32000000001, (186, 53), 0], [-216089.92000000001, (184, 54), 2], [-221474.08000000002, (186, 54), 0], [-201770.88, (184, 55), 10], [-208064.95999999999, (185, 55), 0], [-214550.56000000003, (186, 55), 0], [-219826.72, (184, 53), 1]]
[ ] [ ] [ ] [ ] 
[X] [ ] [ ] [ ] 
[ ] [X] [X] [ ] 
[ ] [ ] [ ] [X] 
 ---------------- 
[[-221079.68000000002, (188, 55), 1], [-222394.72, (189, 55), 100], [-205576.64000000001, (187, 56), 1], [-220186.23999999999, (189, 56), 0], [-188879.35999999999, (187, 57), 100], [-198115.04000000001, (188, 57), 0], [-208168.16, (189, 57), 0], [-218499.04000000001, (187, 55), 1]]
[[-222394.72, (189, 55), 1], [-219931.68000000002, (190, 55), 100], [-213252.48000000001, (188, 56), 1], [-223696.16, (190, 56), 0], [-198115.04000000001, (188, 57), 1], [-208168.16, (189, 57), 1], [-216880.95999999996, (190, 57), 0], [-221079.68000000002, (188, 55), 2]]
[X] [X] [X] [ ] 
[ ] [ ] [ ] [X] 
[ ] [ ] [ ] [ ] 
[ ] [ ] [ ] [ ] 
 ---------------- 
[[-219448.79999999999, (192, 56), 1], [-212494.71999999997, (193, 56), 0], [-223193.12, (191, 57), 1], [-223613.28000000003, (193, 57), 0], [-211722.07999999999, (191, 58), 1], [-220265.44000000003, (192, 58), 1], [-225545.60000000001, (193, 58), 0], [-223127.51999999999, (191, 56), 2]]
[[-223613.28000000003, (193, 57), 1], [-217620.31999999998, (194, 57), 0], [-220265.44000000003, (192, 58), 2], [-226198.23999999999, (194, 58), 0], [-205926.88, (192, 59), 10], [-216238.08000000002, (193, 59), 0], [-224128.47999999998, (194, 59), 0], [-225706.88, (192, 57), 1]]
[ ] [ ] [ ] [ ] 
[X] [ ] [ ] [ ] 
[ ] [X] [X] [ ] 
[ ] [ ] [ ] [X] 
 ---------------- 
[[-225148.16, (196, 59), 1], [-218552.79999999999, (197, 59), 100], [-222162.72, (195, 60), 1], [-227714.24000000002, (197, 60), 0], [-210291.67999999999, (195, 61), 100], [-221330.23999999999, (196, 61), 0], [-228934.07999999999, (197, 61), 0], [-227424.16, (195, 59), 1]]
[[-227714.24000000002, (197, 60), 1], [-221910.87999999998, (198, 60), 0], [-221330.23999999999, (196, 61), 1], [-229971.68000000002, (198, 61), 0], [-207413.44, (196, 62), 0], [-220153.59999999998, (197, 62), 0], [-228969.44, (198, 62), 0], [-227563.84000000003, (196, 60), 1]]
[[-221910.87999999998, (198, 60), 1], [-211073.91999999998, (199, 60), 0], [-228934.07999999999, (197, 61), 1], [-223789.91999999998, (199, 61), 0], [-220153.59999999998, (197, 62), 1], [-228969.44, (198, 62), 1], [-230189.91999999998, (199, 62), 0], [-227714.24000000002, (197, 60), 2]]
[X] [ ] [ ] [ ] 
[ ] [X] [X] [ ] 
[ ] [ ] [ ] [X] 
[ ] [ ] [ ] [X] 
 ---------------- 
[[-230663.52000000002, (200, 63), 2], [-226053.44, (201, 63), 100], [-216349.28, (199, 64), 1], [-230029.44, (201, 64), 0], [-201807.19999999998, (199, 65), 100], [-215669.60000000001, (200, 65), 0], [-225520.32000000001, (201, 65), 0], [-227597.60000000001, (199, 63), 1]]
[[-226053.44, (201, 63), 1], [-215482.88, (202, 63), 100], [-226636.47999999998, (200, 64), 1], [-225378.23999999999, (202, 64), 0], [-215669.60000000001, (200, 65), 1], [-225520.32000000001, (201, 65), 1], [-228408.47999999998, (202, 65), 0], [-230663.52000000002, (200, 63), 3]]
[[-225378.23999999999, (202, 64), 1], [-214651.67999999999, (203, 64), 0], [-225520.32000000001, (201, 65), 2], [-223286.56000000003, (203, 65), 0], [-215382.40000000002, (201, 66), 0], [-225021.92000000001, (202, 66), 0], [-227659.36000000002, (203, 66), 0], [-230029.44, (201, 64), 1]]
[X] [X] [ ] [ ] 
[ ] [ ] [X] [ ] 
[ ] [ ] [ ] [X] 
[ ] [ ] [ ] [X] 
 ---------------- 
[[-226524.0, (204, 67), 2], [-218081.28000000003, (205, 67), 100], [-218830.72000000003, (203, 68), 1], [-223919.84, (205, 68), 0], [-207515.84, (203, 69), 100], [-220263.35999999999, (204, 69), 0], [-224765.92000000001, (205, 69), 0], [-226322.72, (203, 67), 1]]
[[-223919.84, (205, 68), 1], [-214652.63999999998, (206, 68), 0], [-220263.35999999999, (204, 69), 1], [-220597.28, (206, 69), 0], [-211961.44, (204, 70), 0], [-221999.84000000003, (205, 70), 0], [-223312.64000000001, (206, 70), 0], [-226375.84000000003, (204, 68), 1]]
[X] [ ] [ ] [ ] 
[ ] [X] [ ] [ ] 
[ ] [ ] [X] [ ] 
[ ] [ ] [ ] [X] 
 ---------------- 
[[-210972.96000000002, (208, 71), 1], [-196423.67999999999, (209, 71), 100], [-223236.63999999998, (207, 72), 1], [-204706.24000000002, (209, 72), 0], [-222036.0, (207, 73), 100], [-221200.32000000001, (208, 73), 0], [-210978.24000000002, (209, 73), 0], [-221127.52000000002, (207, 71), 1]]
[[-217515.67999999999, (208, 72), 1], [-204706.24000000002, (209, 72), 1], [-222036.0, (207, 73), 1], [-210978.24000000002, (209, 73), 1], [-217180.00000000003, (207, 74), 100], [-221956.63999999998, (208, 74), 0], [-215613.76000000001, (209, 74), 0], [-223236.63999999998, (207, 72), 2]]
[X] [ ] [ ] [ ] 
[X] [ ] [ ] [ ] 
[X] [ ] [ ] [ ] 
[X] [ ] [ ] [ ] 
 ---------------- 
[[-218574.24000000002, (209, 75), 2], [-209010.56, (210, 75), 100], [-215284.32000000001, (208, 76), 1], [-213482.23999999999, (210, 76), 10], [-207242.56, (208, 77), 0], [-216007.20000000001, (209, 77), 0], [-214342.88, (210, 77), 0], [-219952.95999999996, (208, 75), 1]]
[[-219434.56000000003, (209, 76), 1], [-213482.23999999999, (210, 76), 1], [-207242.56, (208, 77), 1], [-214342.88, (210, 77), 1], [-199117.28, (208, 78), 0], [-211410.39999999999, (209, 78), 0], [-214245.92000000001, (210, 78), 0], [-215284.32000000001, (208, 76), 2]]
[ ] [X] [ ] [ ] 
[ ] [X] [ ] [ ] 
[ ] [ ] [X] [ ] 
[ ] [ ] [X] [ ] 
 ---------------- 
[[-210920.32000000001, (211, 79), 2], [-200167.19999999998, (212, 79), 100], [-212541.44, (210, 80), 1], [-204048.63999999998, (212, 80), 10], [-208460.00000000003, (210, 81), 0], [-213295.19999999998, (211, 81), 0], [-206606.56, (212, 81), 100], [-214398.56, (210, 79), 1]]
[[-213082.88, (211, 80), 1], [-204048.63999999998, (212, 80), 1], [-208460.00000000003, (210, 81), 1], [-206606.56, (212, 81), 1], [-204168.63999999998, (210, 82), 0], [-213200.16, (211, 82), 0], [-209746.39999999999, (212, 82), 100], [-212541.44, (210, 80), 2]]
[ ] [ ] [ ] [X] 
[ ] [ ] [ ] [X] 
[ ] [ ] [ ] [X] 
[ ] [ ] [ ] [X] 
 ---------------- 
[[-212676.32000000001, (212, 83), 2], [-205096.48000000001, (213, 83), 100], [-208313.44, (211, 84), 1], [-208736.16000000003, (213, 84), 0], [-203448.63999999998, (211, 85), 100], [-213022.23999999999, (212, 85), 0], [-211430.56, (213, 85), 0], [-211944.79999999999, (211, 83), 1]]
[[-213678.39999999999, (212, 84), 1], [-208736.16000000003, (213, 84), 1], [-203448.63999999998, (211, 85), 1], [-211430.56, (213, 85), 1], [-197894.88, (211, 86), 100], [-210779.84, (212, 86), 0], [-213244.0, (213, 86), 0], [-208313.44, (211, 84), 2]]
[X] [ ] [ ] [ ] 
[X] [ ] [ ] [ ] 
[ ] [X] [ ] [ ] 
[ ] [X] [ ] [ ] 
 ---------------- 
[[-213790.07999999999, (213, 87), 1], [-209900.32000000001, (214, 87), 2], [-201111.19999999998, (212, 88), 1], [-211600.32000000001, (214, 88), 1], [-193767.20000000001, (212, 89), 0], [-207701.28, (213, 89), 0], [-211858.24000000002, (214, 89), 0], [-206948.31999999998, (212, 87), 2]]
[[-211600.32000000001, (214, 88), 2], [-203356.0, (215, 88), 10], [-207701.28, (213, 89), 1], [-206531.36000000002, (215, 89), 0], [-202478.56, (213, 90), 0], [-210795.52000000002, (214, 90), 0], [-208808.32000000001, (215, 90), 0], [-211875.51999999999, (213, 88), 1]]
[ ] [X] [ ] [ ] 
[ ] [ ] [X] [ ] 
[ ] [ ] [X] [ ] 
[ ] [ ] [ ] [X] 
 ---------------- 
[[-209859.51999999999, (215, 91), 1], [-203190.08000000002, (216, 91), 1], [-204502.08000000002, (214, 92), 1], [-204864.15999999997, (216, 92), 1], [-199454.88, (214, 93), 0], [-207587.67999999999, (215, 93), 0], [-205692.79999999999, (216, 93), 100], [-208576.80000000002, (214, 91), 2]]
[[-209127.04000000001, (215, 92), 1], [-204864.15999999997, (216, 92), 2], [-199454.88, (214, 93), 1], [-205692.79999999999, (216, 93), 1], [-194054.87999999998, (214, 94), 0], [-205179.67999999999, (215, 94), 0], [-206235.52000000002, (216, 94), 100], [-204502.08000000002, (214, 92), 2]]
[ ] [ ] [ ] [X] 
[ ] [ ] [ ] [X] 
[ ] [ ] [ ] [X] 
[ ] [ ] [ ] [X] 
 ---------------- 
[[-204881.28, (216, 95), 2], [-199379.36000000002, (217, 95), 100], [-196696.16000000003, (215, 96), 1], [-198730.39999999999, (217, 96), 0], [-192309.12000000002, (215, 97), 100], [-200126.08000000002, (216, 97), 0], [-198363.35999999999, (217, 97), 0], [-201154.07999999999, (215, 95), 1]]
[[-202456.0, (216, 96), 1], [-198730.39999999999, (217, 96), 1], [-192309.12000000002, (215, 97), 1], [-198363.35999999999, (217, 97), 1], [-188735.84, (215, 98), 100], [-198585.28, (216, 98), 0], [-198694.23999999999, (217, 98), 0], [-196696.16000000003, (215, 96), 2]]
[X] [ ] [ ] [ ] 
[X] [ ] [ ] [ ] 
[ ] [X] [ ] [ ] 
[ ] [X] [ ] [ ] 
 ---------------- 
[[-197864.0, (217, 99), 1], [-190951.36000000002, (218, 99), 2], [-194200.0, (216, 100), 1], [-190604.48000000001, (218, 100), 1], [-192556.95999999999, (216, 101), 0], [-196776.96000000002, (217, 101), 0], [-191139.51999999999, (218, 101), 0], [-196366.72, (216, 99), 2]]
[[-197115.35999999999, (217, 100), 1], [-190604.48000000001, (218, 100), 2], [-192556.95999999999, (216, 101), 1], [-191139.51999999999, (218, 101), 1], [-191934.40000000002, (216, 102), 0], [-197188.16, (217, 102), 0], [-192273.76000000001, (218, 102), 0], [-194200.0, (216, 100), 2]]
[ ] [X] [ ] [ ] 
[ ] [X] [ ] [ ] 
[ ] [X] [ ] [ ] 
[ ] [X] [ ] [ ] 
 ---------------- 
[[-197601.75999999998, (217, 103), 1], [-193067.67999999999, (218, 103), 2], [-189872.0, (216, 104), 1], [-193499.35999999999, (218, 104), 1], [-189665.44000000003, (216, 105), 0], [-197687.67999999996, (217, 105), 0], [-194832.64000000001, (218, 105), 0], [-191188.0, (216, 103), 2]]
[[-197179.35999999999, (217, 104), 1], [-193499.35999999999, (218, 104), 2], [-189665.44000000003, (216, 105), 1], [-194832.64000000001, (218, 105), 1], [-189273.43999999997, (216, 106), 0], [-198557.12, (217, 106), 0], [-196471.84, (218, 106), 0], [-189872.0, (216, 104), 2]]
[ ] [X] [ ] [ ] 
[ ] [X] [ ] [ ] 
[ ] [X] [ ] [ ] 
[ ] [X] [ ] [ ] 
 ---------------- 
[[-198151.84, (217, 107), 1], [-197001.11999999997, (218, 107), 2], [-185408.63999999998, (216, 108), 1], [-196353.92000000001, (218, 108), 1], [-183815.84000000003, (216, 109), 0], [-195434.24000000002, (217, 109), 0], [-196480.16000000003, (218, 109), 0], [-187890.24000000002, (216, 107), 2]]
[[-196353.92000000001, (218, 108), 2], [-187661.60000000001, (219, 108), 10], [-195434.24000000002, (217, 109), 1], [-188406.88, (219, 109), 0], [-194408.63999999998, (217, 110), 0], [-196190.23999999999, (218, 110), 0], [-188595.84000000003, (219, 110), 0], [-196479.04000000001, (217, 108), 1]]
[ ] [X] [ ] [ ] 
[ ] [ ] [X] [ ] 
[ ] [ ] [X] [ ] 
[ ] [ ] [X] [ ] 
 ---------------- 
[[-195505.60000000001, (218, 111), 1], [-188184.79999999999, (219, 111), 2], [-193109.12, (217, 112), 1], [-187982.56, (219, 112), 1], [-193550.40000000002, (217, 113), 0], [-195734.88, (218, 113), 0], [-188793.28, (219, 113), 0], [-193671.68000000002, (217, 111), 2]]
[[-195064.0, (218, 112), 1], [-187982.56, (219, 112), 2], [-193550.40000000002, (217, 113), 1], [-188793.28, (219, 113), 1], [-195064.00000000003, (217, 114), 0], [-196827.84, (218, 114), 0], [-189518.72, (219, 114), 0], [-193109.12, (217, 112), 2]]
[ ] [ ] [X] [ ] 
[ ] [ ] [X] [ ] 
[ ] [ ] [X] [ ] 
[ ] [ ] [X] [ ] 
 ---------------- 
[[-197538.88, (218, 115), 1], [-189872.80000000005, (219, 115), 2], [-196729.12, (217, 116), 1], [-189753.60000000001, (219, 116), 1], [-198394.56, (217, 117), 0], [-198658.08000000002, (218, 117), 0], [-190520.63999999998, (219, 117), 0], [-196316.64000000001, (217, 115), 2]]
[[-197534.56, (218, 116), 1], [-189753.60000000001, (219, 116), 2], [-198394.56, (217, 117), 1], [-190520.63999999998, (219, 117), 1], [-200148.64000000001, (217, 118), 0], [-199690.07999999999, (218, 118), 0], [-191415.68000000002, (219, 118), 0], [-196729.12, (217, 116), 2]]
[ ] [ ] [X] [ ] 
[ ] [ ] [X] [ ] 
[ ] [X] [ ] [ ] 
[ ] [X] [ ] [ ] 
 ---------------- 
[[-200758.88, (217, 119), 1], [-199495.84000000003, (218, 119), 2], [-195870.72, (216, 120), 1], [-199671.51999999999, (218, 120), 1], [-199012.32000000001, (216, 121), 0], [-203386.72, (217, 121), 0], [-199719.19999999998, (218, 121), 0], [-193604.32000000001, (216, 119), 2]]
[[-201799.51999999999, (217, 120), 1], [-199671.51999999999, (218, 120), 2], [-199012.32000000001, (216, 121), 1], [-199719.19999999998, (218, 121), 1], [-202690.88, (216, 122), 0], [-205356.48000000001, (217, 122), 0], [-199777.43999999997, (218, 122), 0], [-195870.72, (216, 120), 2]]
[ ] [X] [ ] [ ] 
[ ] [X] [ ] [ ] 
[ ] [X] [ ] [ ] 
[ ] [X] [ ] [ ] 
 ---------------- 
[[-205259.35999999999, (216, 123), 2], [-206359.99999999997, (217, 123), 1], [-196669.91999999998, (215, 124), 10], [-206000.16000000003, (217, 124), 1], [-199957.12000000002, (215, 125), 100], [-207355.68000000002, (216, 125), 0], [-204661.12000000002, (217, 125), 0], [-193518.71999999997, (215, 123), 100]]
[[-206628.95999999999, (216, 124), 1], [-206000.16000000003, (217, 124), 2], [-199957.12000000002, (215, 125), 1], [-204661.12000000002, (217, 125), 1], [-202604.96000000002, (215, 126), 100], [-207693.76000000001, (216, 126), 0], [-203524.16, (217, 126), 0], [-196669.91999999998, (215, 124), 1]]
[X] [ ] [ ] [ ] 
[X] [ ] [ ] [ ] 
[X] [ ] [ ] [ ] 
[X] [ ] [ ] [ ] 
 ---------------- 
[[-203734.08000000002, (215, 127), 2], [-206597.91999999998, (216, 127), 1], [-194130.88, (214, 128), 0], [-204950.24000000002, (216, 128), 1], [-196159.51999999999, (214, 129), 0], [-204457.28, (215, 129), 0], [-203136.31999999998, (216, 129), 100], [-190998.40000000002, (214, 127), 100]]
[[-204575.19999999998, (215, 128), 1], [-204950.24000000002, (216, 128), 2], [-196159.51999999999, (214, 129), 1], [-203136.31999999998, (216, 129), 1], [-196938.39999999999, (214, 130), 0], [-203568.47999999998, (215, 130), 0], [-201388.95999999999, (216, 130), 100], [-194130.88, (214, 128), 1]]
[ ] [ ] [ ] [X] 
[ ] [ ] [ ] [X] 
[ ] [ ] [ ] [X] 
[ ] [ ] [ ] [X] 
 ---------------- 
[[-203613.12, (215, 131), 1], [-200366.56, (216, 131), 2], [-200525.27999999997, (214, 132), 1], [-198920.79999999999, (216, 132), 1], [-201293.12, (214, 133), 0], [-202436.48000000001, (215, 133), 0], [-197877.91999999998, (216, 133), 100], [-198925.43999999997, (214, 131), 2]]
[[-203128.15999999997, (215, 132), 1], [-198920.79999999999, (216, 132), 2], [-201293.12, (214, 133), 1], [-197877.91999999998, (216, 133), 1], [-203571.04000000001, (214, 134), 0], [-203461.75999999998, (215, 134), 0], [-198323.52000000002, (216, 134), 100], [-200525.27999999997, (214, 132), 2]]
[ ] [ ] [ ] [X] 
[ ] [ ] [ ] [X] 
[ ] [ ] [X] [ ] 
[ ] [ ] [X] [ ] 
 ---------------- 
[[-205648.47999999995, (214, 135), 1], [-204029.91999999998, (215, 135), 2], [-201166.08000000002, (213, 136), 1], [-203031.19999999998, (215, 136), 1], [-203345.44, (213, 137), 0], [-206627.20000000001, (214, 137), 0], [-202273.91999999998, (215, 137), 0], [-198776.80000000002, (213, 135), 2]]
[[-206011.67999999999, (214, 136), 1], [-203031.19999999998, (215, 136), 2], [-203345.44, (213, 137), 1], [-202273.91999999998, (215, 137), 1], [-205009.60000000001, (213, 138), 0], [-206740.15999999997, (214, 138), 0], [-200904.79999999999, (215, 138), 0], [-201166.08000000002, (213, 136), 2]]
[ ] [ ] [X] [ ] 
[ ] [ ] [X] [ ] 
[ ] [ ] [X] [ ] 
[ ] [X] [ ] [ ] 
 ---------------- 
[[-205550.40000000002, (213, 139), 1], [-205507.99999999997, (214, 139), 2], [-199664.48000000001, (212, 140), 1], [-204112.95999999999, (214, 140), 1], [-201270.08000000002, (212, 141), 0], [-205739.20000000001, (213, 141), 0], [-202211.19999999998, (214, 141), 0], [-197687.04000000001, (212, 139), 1]]
[[-205927.52000000002, (213, 140), 1], [-204112.95999999999, (214, 140), 2], [-201270.08000000002, (212, 141), 1], [-202211.19999999998, (214, 141), 1], [-202648.48000000001, (212, 142), 0], [-205070.39999999997, (213, 142), 0], [-199985.44, (214, 142), 0], [-199664.48000000001, (212, 140), 2]]
[ ] [X] [ ] [ ] 
[ ] [X] [ ] [ ] 
[ ] [X] [ ] [ ] 
[ ] [X] [ ] [ ] 
 ---------------- 
[[-203576.95999999999, (212, 143), 2], [-204240.79999999999, (213, 143), 1], [-197389.75999999998, (211, 144), 10], [-202546.39999999999, (213, 144), 1], [-199885.28000000003, (211, 145), 100], [-204055.03999999998, (212, 145), 0], [-200780.0, (213, 145), 0], [-195168.16, (211, 143), 100]]
[[-203925.59999999998, (212, 144), 1], [-202546.39999999999, (213, 144), 2], [-199885.28000000003, (211, 145), 1], [-200780.0, (213, 145), 1], [-202137.44, (211, 146), 100], [-204124.64000000004, (212, 146), 0], [-199615.20000000001, (213, 146), 0], [-197389.75999999998, (211, 144), 1]]
[X] [ ] [ ] [ ] 
[X] [ ] [ ] [ ] 
[X] [ ] [ ] [ ] 
[X] [ ] [ ] [ ] 
 ---------------- 
[[-203622.56000000003, (211, 147), 2], [-203437.92000000001, (212, 147), 1], [-200552.47999999998, (210, 148), 0], [-202529.60000000001, (212, 148), 1], [-203960.16, (210, 149), 0], [-205199.52000000002, (211, 149), 0], [-201149.75999999998, (212, 149), 100], [-196312.95999999999, (210, 147), 100]]
[[-204803.84, (211, 148), 1], [-202529.60000000001, (212, 148), 2], [-203960.16, (210, 149), 1], [-201149.75999999998, (212, 149), 1], [-206763.36000000002, (210, 150), 0], [-205321.12000000002, (211, 150), 0], [-199962.07999999999, (212, 150), 100], [-200552.47999999998, (210, 148), 1]]
[ ] [ ] [ ] [X] 
[ ] [ ] [ ] [X] 
[ ] [ ] [X] [ ] 
[ ] [ ] [X] [ ] 
 ---------------- 
[[-205881.76000000001, (209, 151), 2], [-209021.76000000001, (210, 151), 1], [-203723.84, (208, 152), 10], [-209144.0, (210, 152), 1], [-210443.04000000001, (208, 153), 0], [-212045.28, (209, 153), 0], [-207820.79999999999, (210, 153), 0], [-195624.79999999999, (208, 151), 100]]
[[-209973.28, (209, 152), 1], [-209144.0, (210, 152), 2], [-210443.04000000001, (208, 153), 1], [-207820.79999999999, (210, 153), 1], [-214288.79999999999, (208, 154), 0], [-211554.56, (209, 154), 0], [-204978.39999999999, (210, 154), 0], [-203723.84, (208, 152), 1]]
[ ] [X] [ ] [ ] 
[ ] [X] [ ] [ ] 
[X] [ ] [ ] [ ] 
[X] [ ] [ ] [ ] 
 ---------------- 
[[-214470.23999999999, (207, 155), 2], [-214199.99999999997, (208, 155), 1], [-212822.72, (206, 156), 0], [-210605.91999999998, (208, 156), 1], [-215906.39999999999, (206, 157), 0], [-213035.68000000002, (207, 157), 0], [-205316.95999999999, (208, 157), 100], [-206267.84, (206, 155), 100]]
[[-212822.72, (206, 156), 1], [-215399.20000000001, (207, 156), 1], [-210430.08000000002, (205, 157), 0], [-213035.68000000002, (207, 157), 1], [-214854.72, (205, 158), 0], [-214584.64000000001, (206, 158), 0], [-207402.39999999999, (207, 158), 0], [-202492.0, (205, 156), 0]]
[ ] [ ] [ ] [X] 
[ ] [ ] [X] [ ] 
[ ] [X] [ ] [ ] 
[X] [ ] [ ] [ ] 
 ---------------- 
[[-202609.75999999998, (203, 159), 1], [-212335.20000000001, (204, 159), 1], [-198548.0, (202, 160), 0], [-215046.07999999999, (204, 160), 1], [-207697.43999999997, (202, 161), 0], [-214875.84, (203, 161), 0], [-213891.67999999999, (204, 161), 100], [-188476.47999999998, (202, 159), 100]]
[[-210096.64000000001, (203, 160), 1], [-215046.07999999999, (204, 160), 2], [-207697.43999999997, (202, 161), 1], [-213891.67999999999, (204, 161), 1], [-213418.56, (202, 162), 0], [-214796.63999999998, (203, 162), 0], [-208558.39999999999, (204, 162), 100], [-198548.0, (202, 160), 1]]
[ ] [ ] [ ] [X] 
[ ] [ ] [ ] [X] 
[ ] [ ] [ ] [X] 
[ ] [ ] [X] [ ] 
 ---------------- 
[[-211401.75999999998, (201, 163), 1], [-215379.04000000001, (202, 163), 1], [-209029.60000000001, (200, 164), 10], [-213057.28, (202, 164), 1], [-213875.51999999999, (200, 165), 0], [-213474.72, (201, 165), 0], [-206331.67999999999, (202, 165), 0], [-199886.56, (200, 163), 100]]
[[-209029.60000000001, (200, 164), 1], [-215188.95999999999, (201, 164), 1], [-206733.43999999997, (199, 165), 100], [-213474.72, (201, 165), 1], [-213334.56, (199, 166), 100], [-214591.03999999998, (200, 166), 0], [-209073.91999999998, (201, 166), 0], [-196794.56, (199, 164), 10]]
[ ] [X] [ ] [ ] 
[X] [ ] [ ] [ ] 
[X] [ ] [ ] [ ] 
[X] [ ] [ ] [ ] 
 ---------------- 
[[-215453.27999999997, (199, 167), 2], [-211518.23999999999, (200, 167), 1], [-217104.31999999998, (198, 168), 0], [-205614.72, (200, 168), 1], [-216513.91999999998, (198, 169), 0], [-208861.44, (199, 169), 0], [-198995.04000000001, (200, 169), 100], [-212716.63999999998, (198, 167), 100]]
[[-212716.63999999998, (198, 167), 1], [-215453.27999999997, (199, 167), 3], [-212409.76000000001, (197, 168), 0], [-213756.16, (199, 168), 1], [-217999.19999999998, (197, 169), 0], [-216513.91999999998, (198, 169), 1], [-208861.44, (199, 169), 1], [-202600.32000000001, (197, 167), 100]]
[[-212409.76000000001, (197, 168), 1], [-217104.31999999998, (198, 168), 1], [-212036.48000000001, (196, 169), 0], [-216513.91999999998, (198, 169), 2], [-216533.59999999998, (196, 170), 0], [-216646.39999999997, (197, 170), 0], [-210720.16, (198, 170), 0], [-201721.59999999998, (196, 168), 0]]
[ ] [ ] [X] [X] 
[ ] [X] [ ] [ ] 
[ ] [X] [ ] [ ] 
[X] [ ] [ ] [ ] 
 ---------------- 
[[-215875.99999999997, (195, 171), 1], [-216186.39999999999, (196, 171), 1], [-216205.44000000003, (194, 172), 0], [-212475.35999999999, (196, 172), 1], [-215946.72, (194, 173), 0], [-211446.71999999997, (195, 173), 0], [-205050.23999999999, (196, 173), 100], [-209774.56, (194, 171), 100]]
[[-209774.56, (194, 171), 1], [-215875.99999999997, (195, 171), 2], [-210166.72, (193, 172), 0], [-216520.95999999996, (195, 172), 1], [-215968.48000000001, (193, 173), 0], [-215946.72, (194, 173), 1], [-211446.71999999997, (195, 173), 1], [-198802.23999999999, (193, 171), 100]]
[[-210166.72, (193, 172), 1], [-216205.44000000003, (194, 172), 1], [-209844.32000000001, (192, 173), 0], [-215946.72, (194, 173), 2], [-214956.15999999997, (192, 174), 0], [-214709.12, (193, 174), 0], [-209829.60000000001, (194, 174), 0], [-199242.23999999999, (192, 172), 0]]
[ ] [ ] [X] [X] 
[ ] [X] [ ] [ ] 
[X] [ ] [ ] [ ] 
[X] [ ] [ ] [ ] 
 ---------------- 
[[-215352.95999999999, (191, 175), 2], [-213901.92000000001, (192, 175), 1], [-215887.03999999998, (190, 176), 0], [-207619.67999999999, (192, 176), 1], [-211623.51999999999, (190, 177), 0], [-205192.48000000001, (191, 177), 0], [-197909.12, (192, 177), 100], [-212177.12, (190, 175), 100]]
[[-212177.12, (190, 175), 1], [-215352.95999999999, (191, 175), 3], [-214370.07999999999, (189, 176), 0], [-213263.67999999999, (191, 176), 1], [-216264.32000000001, (189, 177), 0], [-211623.51999999999, (190, 177), 1], [-205192.48000000001, (191, 177), 1], [-205065.28, (189, 175), 100]]
[ ] [ ] [X] [X] 
[ ] [X] [ ] [ ] 
[X] [ ] [ ] [ ] 
[ ] [ ] [ ] [ ] 
 ---------------- 
[[-212081.75999999998, (187, 177), 1], [-216389.28, (188, 177), 2], [-215669.28, (186, 178), 0], [-216505.11999999997, (188, 178), 1], [-219572.79999999999, (186, 179), 0], [-215922.39999999999, (187, 179), 1], [-209416.95999999999, (188, 179), 1], [-203725.43999999997, (186, 177), 0]]
[[-215669.28, (186, 178), 1], [-218416.95999999999, (187, 178), 1], [-218553.60000000001, (185, 179), 0], [-215922.39999999999, (187, 179), 2], [-220180.0, (185, 180), 100], [-214592.31999999998, (186, 180), 100], [-206675.84, (187, 180), 10], [-208068.0, (185, 178), 0]]
[ ] [ ] [ ] [ ] 
[ ] [ ] [ ] [ ] 
[ ] [ ] [ ] [X] 
[X] [X] [X] [ ] 
 ---------------- 
[[-201662.08000000002, (183, 179), 1], [-211743.84, (184, 179), 1], [-206874.72, (182, 180), 0], [-220072.63999999998, (184, 180), 2], [-218981.76000000001, (182, 181), 0], [-221070.08000000002, (183, 181), 0], [-219223.03999999998, (184, 181), 100], [-190678.87999999998, (182, 179), 100]]
[[-215225.28, (183, 180), 1], [-220072.63999999998, (184, 180), 3], [-218981.76000000001, (182, 181), 1], [-219223.03999999998, (184, 181), 1], [-221084.32000000001, (182, 182), 0], [-216518.23999999999, (183, 182), 0], [-209773.60000000001, (184, 182), 100], [-206874.72, (182, 180), 1]]
[[-218981.76000000001, (182, 181), 2], [-221070.08000000002, (183, 181), 1], [-221890.23999999999, (181, 182), 0], [-216518.23999999999, (183, 182), 1], [-220455.52000000002, (181, 183), 0], [-214079.03999999998, (182, 183), 0], [-205886.88000000003, (183, 183), 0], [-212670.23999999999, (181, 181), 0]]
[ ] [ ] [ ] [X] 
[ ] [ ] [ ] [X] 
[ ] [X] [X] [ ] 
[X] [ ] [ ] [ ] 
 ---------------- 
[[-221663.04000000001, (179, 183), 1], [-223547.04000000001, (180, 183), 1], [-223661.12, (178, 184), 0], [-218280.80000000002, (180, 184), 1], [-220497.43999999997, (178, 185), 0], [-214523.35999999999, (179, 185), 0], [-206391.20000000001, (180, 185), 100], [-216250.39999999999, (178, 183), 100]]
[[-216250.39999999999, (178, 183), 1], [-221663.04000000001, (179, 183), 2], [-221122.08000000002, (177, 184), 0], [-222755.35999999999, (179, 184), 1], [-224217.28, (177, 185), 0], [-220497.43999999997, (178, 185), 1], [-214523.35999999999, (179, 185), 1], [-208545.59999999998, (177, 183), 100]]
[ ] [ ] [X] [X] 
[X] [X] [ ] [ ] 
[ ] [ ] [ ] [ ] 
[ ] [ ] [ ] [ ] 
 ---------------- 
[[-220252.16, (175, 185), 1], [-224562.23999999999, (176, 185), 1], [-223344.79999999999, (174, 186), 0], [-222428.47999999998, (176, 186), 2], [-219756.80000000002, (174, 187), 0], [-215700.64000000001, (175, 187), 10], [-209841.28, (176, 187), 100], [-213806.87999999998, (174, 185), 0]]
[[-213806.87999999998, (174, 185), 1], [-220252.16, (175, 185), 2], [-219675.35999999996, (173, 186), 0], [-224156.47999999998, (175, 186), 1], [-221907.20000000001, (173, 187), 0], [-219756.80000000002, (174, 187), 1], [-215700.64000000001, (175, 187), 1], [-205541.60000000001, (173, 185), 0]]
[ ] [ ] [ ] [ ] 
[ ] [ ] [ ] [ ] 
[ ] [ ] [X] [X] 
[X] [X] [ ] [ ] 
 ---------------- 
[[-217315.19999999998, (171, 187), 1], [-220424.63999999998, (172, 187), 1], [-218332.16, (170, 188), 0], [-216256.32000000001, (172, 188), 2], [-210700.16000000003, (170, 189), 0], [-206944.0, (171, 189), 0], [-203295.35999999999, (172, 189), 100], [-213593.43999999997, (170, 187), 100]]
[[-213593.43999999997, (170, 187), 1], [-217315.19999999998, (171, 187), 2], [-216283.51999999999, (169, 188), 0], [-217544.79999999999, (171, 188), 1], [-212190.07999999999, (169, 189), 0], [-210700.16000000003, (170, 189), 1], [-206944.0, (171, 189), 1], [-207399.20000000001, (169, 187), 100]]
[X] [X] [X] [X] 
[ ] [ ] [ ] [ ] 
[ ] [ ] [ ] [ ] 
[ ] [ ] [ ] [ ] 
 ---------------- 
[[-210388.95999999999, (167, 188), 1], [-212937.60000000003, (168, 188), 1], [-212918.24000000002, (166, 189), 0], [-212249.76000000001, (168, 189), 2], [-206757.12, (166, 190), 0], [-204594.72, (167, 190), 10], [-201548.32000000001, (168, 190), 100], [-206413.44, (166, 188), 0]]
[[-206413.44, (166, 188), 1], [-210388.95999999999, (167, 188), 2], [-210819.52000000002, (165, 189), 0], [-213298.40000000002, (167, 189), 1], [-207276.48000000004, (165, 190), 0], [-206757.12, (166, 190), 1], [-204594.72, (167, 190), 1], [-201448.47999999998, (165, 188), 0]]
[ ] [ ] [ ] [ ] 
[X] [X] [X] [X] 
[ ] [ ] [ ] [ ] 
[ ] [ ] [ ] [ ] 
 ---------------- 
[[-208163.35999999999, (163, 189), 1], [-209820.96000000002, (164, 189), 1], [-207985.27999999997, (162, 190), 0], [-208671.04000000001, (164, 190), 2], [-200923.35999999999, (162, 191), 0], [-200424.48000000001, (163, 191), 10], [-198229.91999999998, (164, 191), 100], [-204856.95999999999, (162, 189), 0]]
[[-204856.95999999999, (162, 189), 1], [-208163.35999999999, (163, 189), 2], [-206255.51999999996, (161, 190), 0], [-209310.56, (163, 190), 1], [-200441.44, (161, 191), 0], [-200923.35999999999, (162, 191), 1], [-200424.48000000001, (163, 191), 1], [-201782.08000000002, (161, 189), 0]]
[ ] [ ] [ ] [ ] 
[ ] [ ] [ ] [ ] 
[X] [X] [X] [X] 
[ ] [ ] [ ] [ ] 
 ---------------- 
[[-194918.39999999999, (159, 189), 1], [-198123.68000000002, (160, 189), 2], [-199909.28, (158, 190), 0], [-204020.16, (160, 190), 1], [-196600.48000000001, (158, 191), 0], [-198198.56000000003, (159, 191), 1], [-199406.39999999999, (160, 191), 2], [-191997.12, (158, 189), 0]]
[[-191997.12, (158, 189), 1], [-194918.39999999999, (159, 189), 2], [-198454.08000000002, (157, 190), 0], [-201908.96000000002, (159, 190), 1], [-195471.67999999999, (157, 191), 0], [-196600.48000000001, (158, 191), 1], [-198198.56000000003, (159, 191), 2], [-189659.83999999997, (157, 189), 0]]
[ ] [ ] [ ] [ ] 
[ ] [ ] [ ] [ ] 
[X] [X] [X] [X] 
[ ] [ ] [ ] [ ] 
 ---------------- 
[[-189493.76000000001, (155, 189), 1], [-188473.59999999998, (156, 189), 2], [-200220.63999999998, (154, 190), 0], [-197996.63999999998, (156, 190), 1], [-197657.28, (154, 191), 0], [-197198.24000000002, (155, 191), 1], [-195658.88, (156, 191), 2], [-190604.48000000001, (154, 189), 0]]
[[-190604.48000000001, (154, 189), 1], [-189493.76000000001, (155, 189), 2], [-201075.67999999999, (153, 190), 0], [-199338.23999999999, (155, 190), 1], [-197917.75999999998, (153, 191), 0], [-197657.28, (154, 191), 1], [-197198.24000000002, (155, 191), 2], [-192340.0, (153, 189), 0]]
[ ] [ ] [ ] [ ] 
[ ] [ ] [ ] [ ] 
[X] [X] [X] [X] 
[ ] [ ] [ ] [ ] 
 ---------------- 
[[-195569.28, (151, 189), 1], [-193704.15999999997, (152, 189), 2], [-202868.80000000002, (150, 190), 0], [-201471.36000000002, (152, 190), 1], [-197816.32000000001, (150, 191), 0], [-198688.0, (151, 191), 1], [-198061.91999999998, (152, 191), 2], [-197224.48000000001, (150, 189), 0]]
[[-197224.48000000001, (150, 189), 1], [-195569.28, (151, 189), 2], [-203441.28, (149, 190), 0], [-202605.75999999998, (151, 190), 1], [-197347.36000000002, (149, 191), 0], [-197816.32000000001, (150, 191), 1], [-198688.0, (151, 191), 2], [-199237.76000000001, (149, 189), 0]]
[ ] [ ] [ ] [ ] 
[ ] [ ] [ ] [ ] 
[X] [X] [X] [X] 
[ ] [ ] [ ] [ ] 
 ---------------- 
[[-205226.72, (147, 189), 1], [-202200.80000000002, (148, 189), 2], [-205004.15999999997, (146, 190), 0], [-205027.67999999999, (148, 190), 1], [-193362.88, (146, 191), 0], [-196537.12000000002, (147, 191), 1], [-197752.79999999999, (148, 191), 2], [-207177.75999999998, (146, 189), 0]]
[[-197323.84000000003, (146, 188), 0], [-193165.91999999998, (147, 188), 10], [-208472.15999999997, (145, 189), 0], [-205226.72, (147, 189), 2], [-203800.15999999997, (145, 190), 0], [-205004.15999999997, (146, 190), 1], [-205885.76000000001, (147, 190), 1], [-201072.48000000001, (145, 188), 0]]
[ ] [ ] [ ] [ ] 
[X] [X] [X] [ ] 
[ ] [ ] [ ] [X] 
[ ] [ ] [ ] [ ] 
 ---------------- 
[[-207778.39999999997, (143, 188), 1], [-204613.76000000001, (144, 188), 2], [-209359.19999999998, (142, 189), 0], [-209249.59999999998, (144, 189), 1], [-198341.44000000003, (142, 190), 0], [-200514.56000000003, (143, 190), 1], [-202414.39999999999, (144, 190), 2], [-210606.55999999997, (142, 188), 0]]
[[-199906.07999999996, (142, 187), 100], [-195034.23999999999, (143, 187), 10], [-212542.72, (141, 188), 0], [-207778.39999999997, (143, 188), 2], [-207864.63999999996, (141, 189), 0], [-209359.19999999998, (142, 189), 1], [-209589.75999999998, (143, 189), 1], [-205248.48000000001, (141, 187), 100]]
[X] [X] [X] [ ] 
[ ] [ ] [ ] [X] 
[ ] [ ] [ ] [ ] 
[ ] [ ] [ ] [ ] 
 ---------------- 
[[-201757.75999999998, (139, 186), 0], [-195955.36000000002, (140, 186), 100], [-214726.88, (138, 187), 0], [-209586.08000000002, (140, 187), 2], [-210530.71999999997, (138, 188), 100], [-212707.84, (139, 188), 1], [-213012.64000000001, (140, 188), 1], [-207009.44, (138, 186), 0]]
[[-207009.44, (138, 186), 1], [-201757.75999999998, (139, 186), 1], [-215080.32000000001, (137, 187), 0], [-212927.67999999999, (139, 187), 1], [-207488.32000000001, (137, 188), 100], [-210530.71999999997, (138, 188), 1], [-212707.84, (139, 188), 2], [-211622.56, (137, 186), 0]]
[ ] [ ] [ ] [ ] 
[ ] [ ] [ ] [ ] 
[X] [ ] [ ] [ ] 
[ ] [X] [X] [X] 
 ---------------- 
[[-209227.84, (135, 185), 1], [-203033.92000000001, (136, 185), 1], [-218253.60000000001, (134, 186), 0], [-215394.23999999999, (136, 186), 1], [-210099.52000000002, (134, 187), 0], [-213116.0, (135, 187), 1], [-214822.55999999997, (136, 187), 2], [-214530.56, (134, 185), 0]]
[[-214530.56, (134, 185), 1], [-209227.84, (135, 185), 2], [-217865.91999999998, (133, 186), 0], [-217588.64000000001, (135, 186), 1], [-206714.39999999999, (133, 187), 0], [-210099.52000000002, (134, 187), 1], [-213116.0, (135, 187), 2], [-218821.60000000001, (133, 185), 0]]
[ ] [ ] [ ] [ ] 
[X] [X] [ ] [ ] 
[ ] [ ] [X] [X] 
[ ] [ ] [ ] [ ] 
 ---------------- 
[[-220632.80000000002, (131, 184), 1], [-214146.23999999999, (132, 184), 2], [-219271.03999999998, (130, 185), 0], [-221501.44, (132, 185), 1], [-206193.28, (130, 186), 0], [-211531.84, (131, 186), 1], [-215597.12000000002, (132, 186), 2], [-223662.71999999997, (130, 184), 0]]
[[-214478.87999999998, (130, 183), 100], [-207032.16000000003, (131, 183), 10], [-223631.03999999998, (129, 184), 0], [-220632.80000000002, (131, 184), 2], [-214661.43999999997, (129, 185), 0], [-219271.03999999998, (130, 185), 1], [-221869.28, (131, 185), 1], [-220131.52000000002, (129, 183), 100]]
[X] [X] [X] [ ] 
[ ] [ ] [ ] [X] 
[ ] [ ] [ ] [ ] 
[ ] [ ] [ ] [ ] 
 ---------------- 
[[-219677.60000000001, (127, 182), 0], [-213988.63999999998, (128, 182), 100], [-220503.03999999998, (126, 183), 0], [-223909.91999999998, (128, 183), 2], [-209101.76000000001, (126, 184), 100], [-216022.24000000002, (127, 184), 1], [-221631.20000000004, (128, 184), 1], [-222260.48000000001, (126, 182), 0]]
[[-211433.76000000001, (126, 181), 0], [-204150.56, (127, 181), 0], [-222399.84000000003, (125, 182), 0], [-219677.60000000001, (127, 182), 1], [-215829.44, (125, 183), 0], [-220503.03999999998, (126, 183), 1], [-223565.12, (127, 183), 1], [-217473.60000000001, (125, 181), 0]]
[ ] [ ] [ ] [ ] 
[X] [ ] [ ] [ ] 
[ ] [X] [X] [ ] 
[ ] [ ] [ ] [X] 
 ---------------- 
[[-216846.39999999999, (123, 180), 1], [-210602.07999999999, (124, 180), 1], [-218602.72000000003, (122, 181), 0], [-220816.95999999999, (124, 181), 1], [-208804.32000000001, (122, 182), 0], [-215119.04000000001, (123, 182), 1], [-219740.79999999999, (124, 182), 2], [-220022.56000000003, (122, 180), 0]]
[[-211196.79999999999, (122, 179), 100], [-203021.28, (123, 179), 10], [-220320.95999999996, (121, 180), 0], [-216846.39999999999, (123, 180), 2], [-213736.16, (121, 181), 0], [-218602.72000000003, (122, 181), 1], [-221306.40000000002, (123, 181), 1], [-217674.56000000003, (121, 179), 100]]
[X] [X] [X] [ ] 
[ ] [ ] [ ] [X] 
[ ] [ ] [ ] [ ] 
[ ] [ ] [ ] [ ] 
 ---------------- 
[[-220336.96000000002, (119, 178), 0], [-214553.12, (120, 178), 100], [-215983.52000000002, (118, 179), 0], [-220868.79999999999, (120, 179), 2], [-204935.04000000001, (118, 180), 100], [-212238.72, (119, 180), 1], [-217437.59999999998, (120, 180), 1], [-222117.28, (118, 178), 0]]
[[-218355.04000000001, (118, 177), 0], [-210252.0, (119, 177), 0], [-218878.56, (117, 178), 0], [-220336.96000000002, (119, 178), 1], [-208623.52000000002, (117, 179), 0], [-215983.52000000002, (118, 179), 1], [-220180.31999999998, (119, 179), 1], [-222201.91999999995, (117, 177), 0]]
[X] [ ] [ ] [ ] 
[ ] [X] [ ] [ ] 
[ ] [ ] [X] [ ] 
[ ] [ ] [ ] [X] 
 ---------------- 
[[-211759.84, (115, 174), 0], [-200856.16, (116, 174), 100], [-221182.08000000002, (114, 175), 0], [-214147.84, (116, 175), 1], [-215490.39999999999, (114, 176), 100], [-221054.72, (115, 176), 1], [-221202.07999999999, (116, 176), 1], [-218734.24000000002, (114, 174), 0]]
[[-218734.24000000002, (114, 174), 1], [-211759.84, (115, 174), 1], [-215471.84, (113, 175), 0], [-220642.72, (115, 175), 1], [-205838.39999999999, (113, 176), 100], [-215490.39999999999, (114, 176), 1], [-221054.72, (115, 176), 2], [-219382.07999999999, (113, 174), 0]]
[[-216564.48000000001, (113, 173), 0], [-209463.20000000001, (114, 173), 0], [-215256.47999999998, (112, 174), 0], [-218734.24000000002, (114, 174), 2], [-207389.76000000004, (112, 175), 0], [-215471.84, (113, 175), 1], [-221182.08000000002, (114, 175), 1], [-219055.52000000002, (112, 173), 0]]
[X] [ ] [ ] [ ] 
[X] [ ] [ ] [ ] 
[ ] [X] [ ] [ ] 
[ ] [ ] [X] [X] 
 ---------------- 
[[-206433.44, (111, 170), 0], [-194348.80000000002, (112, 170), 100], [-217590.39999999999, (110, 171), 0], [-206545.92000000001, (112, 171), 1], [-215630.07999999999, (110, 172), 100], [-219417.43999999997, (111, 172), 2], [-216204.0, (112, 172), 1], [-214758.56, (110, 170), 0]]
[[-214758.56, (110, 170), 1], [-206433.44, (111, 170), 1], [-213740.0, (109, 171), 0], [-215011.35999999999, (111, 171), 1], [-207878.87999999998, (109, 172), 100], [-215630.07999999999, (110, 172), 1], [-219417.43999999997, (111, 172), 3], [-216558.88, (109, 170), 0]]
[[-215553.12, (109, 169), 0], [-207903.84, (110, 169), 0], [-211902.72, (108, 170), 0], [-214758.56, (110, 170), 2], [-206498.88, (108, 171), 0], [-213740.0, (109, 171), 1], [-217590.39999999999, (110, 171), 1], [-215537.28, (108, 169), 0]]
[X] [ ] [ ] [ ] 
[ ] [X] [ ] [ ] 
[ ] [X] [ ] [ ] 
[ ] [ ] [X] [X] 
 ---------------- 
[[-211356.48000000001, (107, 166), 0], [-203899.84, (108, 166), 100], [-208636.32000000001, (106, 167), 0], [-210695.36000000002, (108, 167), 1], [-205390.56, (106, 168), 100], [-212982.23999999999, (107, 168), 1], [-215068.64000000001, (108, 168), 1], [-210594.23999999999, (106, 166), 0]]
[[-206131.51999999999, (107, 165), 0], [-195143.99999999997, (108, 165), 100], [-210594.23999999999, (106, 166), 1], [-203899.84, (108, 166), 1], [-208636.32000000001, (106, 167), 1], [-213342.56000000003, (107, 167), 1], [-210695.36000000002, (108, 167), 2], [-210512.16, (106, 165), 0]]
[[-206918.23999999999, (106, 164), 0], [-198120.79999999999, (107, 164), 0], [-206897.28000000003, (105, 165), 0], [-206131.51999999999, (107, 165), 1], [-203108.32000000001, (105, 166), 0], [-210594.23999999999, (106, 166), 2], [-211356.48000000001, (107, 166), 1], [-208377.60000000001, (105, 164), 0]]
[X] [X] [ ] [ ] 
[ ] [ ] [X] [ ] 
[ ] [ ] [ ] [X] 
[ ] [ ] [ ] [X] 
 ---------------- 
[[-206000.79999999999, (103, 162), 0], [-207068.0, (104, 162), 100], [-197988.0, (102, 163), 0], [-206723.03999999998, (104, 163), 2], [-192978.07999999999, (102, 164), 100], [-198520.95999999999, (103, 164), 1], [-204419.35999999999, (104, 164), 1], [-203197.92000000001, (102, 162), 0]]
[[-207941.76000000001, (103, 161), 0], [-205764.16, (104, 161), 100], [-203197.92000000001, (102, 162), 1], [-207068.0, (104, 162), 1], [-197988.0, (102, 163), 1], [-202716.32000000001, (103, 163), 1], [-206723.03999999998, (104, 163), 3], [-207333.92000000001, (102, 161), 0]]
[ ] [ ] [X] [ ] 
[ ] [ ] [ ] [X] 
[ ] [ ] [ ] [X] 
[ ] [ ] [ ] [X] 
 ---------------- 
[[-203981.60000000001, (102, 158), 0], [-197549.59999999998, (103, 158), 0], [-206835.84000000003, (101, 159), 1], [-202774.56, (103, 159), 1], [-206107.04000000001, (101, 160), 1], [-208244.79999999999, (102, 160), 1], [-206732.32000000004, (103, 160), 2], [-205733.12, (101, 158), 0]]
[[-203734.08000000002, (101, 157), 0], [-200535.19999999998, (102, 157), 0], [-203220.32000000001, (100, 158), 0], [-203981.60000000001, (102, 158), 1], [-202037.60000000001, (100, 159), 10], [-206835.84000000003, (101, 159), 2], [-206844.96000000002, (102, 159), 1], [-202717.76000000001, (100, 157), 0]]
[X] [ ] [ ] [ ] 
[ ] [X] [ ] [ ] 
[ ] [X] [ ] [ ] 
[ ] [ ] [X] [ ] 
 ---------------- 
[[-201769.76000000001, (100, 154), 0], [-196424.63999999998, (101, 154), 0], [-199359.20000000001, (99, 155), 1], [-198726.56, (101, 155), 1], [-197314.88, (99, 156), 1], [-202603.19999999998, (100, 156), 1], [-201512.95999999999, (101, 156), 2], [-201026.72, (99, 154), 100]]
[[-201875.19999999998, (100, 153), 0], [-194945.59999999998, (101, 153), 0], [-201026.72, (99, 154), 1], [-196424.63999999998, (101, 154), 1], [-199359.20000000001, (99, 155), 2], [-202311.84, (100, 155), 1], [-198726.56, (101, 155), 2], [-202834.87999999998, (99, 153), 100]]
[X] [ ] [ ] [ ] 
[X] [ ] [ ] [ ] 
[X] [ ] [ ] [ ] 
[X] [ ] [ ] [ ] 
 ---------------- 
[[-205071.36000000002, (99, 150), 0], [-198561.28, (100, 150), 100], [-201766.23999999999, (98, 151), 0], [-199551.36000000002, (100, 151), 1], [-198587.99999999997, (98, 152), 100], [-204373.44, (99, 152), 2], [-201260.31999999998, (100, 152), 1], [-204292.0, (98, 150), 0]]
[[-204092.16, (99, 149), 0], [-196391.51999999999, (100, 149), 100], [-204292.0, (98, 150), 1], [-198561.28, (100, 150), 1], [-201766.23999999999, (98, 151), 1], [-204723.67999999999, (99, 151), 1], [-199551.36000000002, (100, 151), 2], [-205271.04000000001, (98, 149), 0]]
[ ] [ ] [X] [ ] 
[ ] [ ] [X] [ ] 
[ ] [ ] [ ] [X] 
[ ] [ ] [ ] [X] 
 ---------------- 
[[-205063.36000000002, (98, 146), 0], [-199686.56, (99, 146), 0], [-203495.51999999999, (97, 147), 1], [-201185.91999999998, (99, 147), 1], [-201128.80000000002, (97, 148), 2], [-205350.56, (98, 148), 1], [-202134.39999999999, (99, 148), 2], [-204161.76000000001, (97, 146), 0]]
[[-203224.32000000001, (98, 145), 0], [-196988.48000000001, (99, 145), 0], [-204161.76000000001, (97, 146), 1], [-199686.56, (99, 146), 1], [-203495.51999999999, (97, 147), 2], [-205751.04000000001, (98, 147), 1], [-201185.91999999998, (99, 147), 2], [-203533.91999999998, (97, 145), 0]]
[ ] [X] [ ] [ ] 
[ ] [X] [ ] [ ] 
[ ] [ ] [X] [ ] 
[ ] [ ] [X] [ ] 
 ---------------- 
[[-203432.48000000001, (97, 142), 0], [-202798.08000000002, (98, 142), 0], [-199282.07999999999, (96, 143), 1], [-203251.20000000004, (98, 143), 1], [-199092.79999999999, (96, 144), 2], [-203839.20000000001, (97, 144), 1], [-203091.67999999999, (98, 144), 2], [-198956.63999999998, (96, 142), 0]]
[[-203643.04000000001, (97, 141), 0], [-202860.95999999999, (98, 141), 0], [-198956.63999999998, (96, 142), 1], [-202798.08000000002, (98, 142), 1], [-199282.07999999999, (96, 143), 2], [-203880.16000000003, (97, 143), 1], [-203251.20000000004, (98, 143), 2], [-199504.80000000002, (96, 141), 0]]
[ ] [X] [ ] [ ] 
[ ] [X] [ ] [ ] 
[ ] [X] [ ] [ ] 
[ ] [X] [ ] [ ] 
 ---------------- 
[[-203657.28, (97, 138), 0], [-200842.07999999999, (98, 138), 0], [-200052.79999999999, (96, 139), 1], [-202752.32000000001, (98, 139), 1], [-200260.63999999998, (96, 140), 2], [-204622.40000000002, (97, 140), 1], [-203512.64000000001, (98, 140), 2], [-199573.75999999998, (96, 138), 0]]
[[-202680.16000000003, (97, 137), 0], [-198637.12000000002, (98, 137), 0], [-199573.75999999998, (96, 138), 1], [-200842.07999999999, (98, 138), 1], [-200052.79999999999, (96, 139), 2], [-204521.91999999998, (97, 139), 1], [-202752.32000000001, (98, 139), 2], [-198948.95999999999, (96, 137), 0]]
[ ] [X] [ ] [ ] 
[ ] [X] [ ] [ ] 
[ ] [X] [ ] [ ] 
[ ] [X] [ ] [ ] 
 ---------------- 
[[-199942.72, (97, 134), 0], [-193578.71999999997, (98, 134), 0], [-196448.96000000002, (96, 135), 1], [-194090.23999999999, (98, 135), 1], [-197696.32000000001, (96, 136), 2], [-201387.52000000002, (97, 136), 1], [-196386.39999999999, (98, 136), 2], [-196332.96000000002, (96, 134), 0]]
[[-200182.72, (97, 133), 0], [-193822.56, (98, 133), 0], [-196332.96000000002, (96, 134), 1], [-193578.71999999997, (98, 134), 1], [-196448.96000000002, (96, 135), 2], [-199996.48000000001, (97, 135), 1], [-194090.23999999999, (98, 135), 2], [-196381.28, (96, 133), 0]]
[ ] [X] [ ] [ ] 
[ ] [X] [ ] [ ] 
[ ] [X] [ ] [ ] 
[ ] [X] [ ] [ ] 
 ---------------- 
[[-200679.04000000001, (97, 130), 0], [-196030.23999999999, (98, 130), 0], [-195802.72, (96, 131), 1], [-194691.68000000002, (98, 131), 1], [-196171.84000000003, (96, 132), 2], [-200078.07999999999, (97, 132), 1], [-194001.28000000003, (98, 132), 2], [-195653.28000000003, (96, 130), 0]]
[[-199282.08000000002, (97, 129), 0], [-195429.44000000003, (98, 129), 0], [-195653.28000000003, (96, 130), 1], [-196030.23999999999, (98, 130), 1], [-195802.72, (96, 131), 2], [-200156.0, (97, 131), 1], [-194691.68000000002, (98, 131), 2], [-193851.68000000002, (96, 129), 0]]
[ ] [X] [ ] [ ] 
[ ] [X] [ ] [ ] 
[ ] [X] [ ] [ ] 
[ ] [X] [ ] [ ] 
 ---------------- 
[[-199228.95999999999, (97, 126), 0], [-198055.35999999996, (98, 126), 0], [-192871.35999999999, (96, 127), 1], [-197436.32000000001, (98, 127), 1], [-193209.12, (96, 128), 2], [-199225.91999999998, (97, 128), 1], [-196361.12000000002, (98, 128), 2], [-192275.52000000002, (96, 126), 0]]
[[-198830.08000000002, (97, 125), 0], [-198896.32000000004, (98, 125), 0], [-192275.52000000002, (96, 126), 1], [-198055.35999999996, (98, 126), 1], [-192871.35999999999, (96, 127), 2], [-199360.00000000003, (97, 127), 1], [-197436.32000000001, (98, 127), 2], [-191045.27999999997, (96, 125), 0]]
[ ] [ ] [X] [ ] 
[ ] [ ] [X] [ ] 
[ ] [X] [ ] [ ] 
[ ] [X] [ ] [ ] 
 ---------------- 
[[-198523.36000000002, (98, 122), 0], [-191211.67999999999, (99, 122), 0], [-196801.44000000003, (97, 123), 1], [-190325.28, (99, 123), 1], [-198163.99999999997, (97, 124), 2], [-199413.76000000001, (98, 124), 1], [-189811.51999999999, (99, 124), 2], [-195599.84000000003, (97, 122), 0]]
[[-197959.20000000001, (98, 121), 0], [-191874.07999999999, (99, 121), 0], [-195599.84000000003, (97, 122), 1], [-191211.67999999999, (99, 122), 1], [-196801.44000000003, (97, 123), 2], [-198822.56, (98, 123), 1], [-190325.28, (99, 123), 2], [-194349.75999999998, (97, 121), 0]]
[ ] [ ] [X] [ ] 
[ ] [ ] [X] [ ] 
[ ] [ ] [X] [ ] 
[ ] [ ] [X] [ ] 
 ---------------- 
[[-195770.24000000002, (98, 118), 0], [-192327.04000000001, (99, 118), 0], [-191512.32000000001, (97, 119), 1], [-191554.08000000002, (99, 119), 1], [-192803.36000000002, (97, 120), 2], [-196905.28, (98, 120), 1], [-191674.23999999999, (99, 120), 2], [-190578.23999999999, (97, 118), 0]]
[[-195724.47999999998, (98, 117), 0], [-193088.79999999999, (99, 117), 0], [-190578.23999999999, (97, 118), 1], [-192327.04000000001, (99, 118), 1], [-191512.32000000001, (97, 119), 2], [-196032.64000000001, (98, 119), 1], [-191554.08000000002, (99, 119), 2], [-189643.35999999999, (97, 117), 0]]
[ ] [ ] [X] [ ] 
[ ] [ ] [X] [ ] 
[ ] [ ] [X] [ ] 
[ ] [ ] [X] [ ] 
 ---------------- 
[[-193673.76000000001, (98, 114), 0], [-193991.35999999999, (99, 114), 0], [-186387.67999999999, (97, 115), 1], [-193193.44, (99, 115), 1], [-187609.60000000001, (97, 116), 2], [-194587.20000000001, (98, 116), 1], [-192931.19999999998, (99, 116), 2], [-186143.35999999999, (97, 114), 0]]
[[-194989.44, (99, 113), 0], [-186717.75999999998, (100, 113), 100], [-193673.76000000001, (98, 114), 1], [-184268.47999999998, (100, 114), 100], [-193780.0, (98, 115), 1], [-193193.44, (99, 115), 2], [-182526.56, (100, 115), 10], [-193413.12000000002, (98, 113), 0]]
[ ] [ ] [ ] [X] 
[ ] [ ] [ ] [X] 
[ ] [ ] [ ] [X] 
[ ] [ ] [X] [ ] 
 ---------------- 
[[-198336.96000000002, (99, 110), 0], [-194785.60000000001, (100, 110), 100], [-193600.15999999997, (98, 111), 1], [-191784.16, (100, 111), 1], [-192915.68000000002, (98, 112), 2], [-195601.44, (99, 112), 1], [-189096.79999999999, (100, 112), 2], [-193929.60000000003, (98, 110), 0]]
[[-198528.79999999999, (99, 109), 0], [-196860.0, (100, 109), 100], [-193929.60000000003, (98, 110), 1], [-194785.60000000001, (100, 110), 1], [-193600.15999999997, (98, 111), 2], [-197104.95999999999, (99, 111), 1], [-191784.16, (100, 111), 2], [-193429.44000000003, (98, 109), 0]]
[ ] [ ] [ ] [X] 
[ ] [ ] [ ] [X] 
[ ] [ ] [ ] [X] 
[ ] [ ] [ ] [X] 
 ---------------- 
[[-191994.72000000003, (100, 106), 0], [-186673.28, (101, 106), 0], [-194490.55999999997, (99, 107), 1], [-187334.39999999999, (101, 107), 0], [-196559.36000000002, (99, 108), 1], [-196256.79999999999, (100, 108), 2], [-186719.36000000002, (101, 108), 100], [-191392.96000000002, (99, 106), 100]]
[[-187523.03999999998, (100, 105), 0], [-184009.91999999998, (101, 105), 0], [-191392.96000000002, (99, 106), 1], [-186673.28, (101, 106), 1], [-194490.55999999997, (99, 107), 2], [-194732.63999999998, (100, 107), 1], [-187334.39999999999, (101, 107), 1], [-187444.47999999998, (99, 105), 100]]
[X] [ ] [ ] [ ] 
[X] [ ] [ ] [ ] 
[X] [ ] [ ] [ ] 
[X] [ ] [ ] [ ] 
 ---------------- 
